return {
    ["Nova flip to floor thrust"] = {
        {
            Time = 0.000,
            Data = {
                ["RightHand"] = CFrame.new(-0.000501, -0.001343, 0.000000, 0.984760, 0.150560, -0.087060, -0.147934, 0.988345, 0.035906, 0.091450, -0.022477, 0.995556),
                ["LeftLowerArm"] = CFrame.new(-0.000500, 0.022483, 0.003711, 1.000000, -0.000000, -0.000000, 0.000000, 0.962452, -0.271451, 0.000000, 0.271450, 0.962452),
                ["LeftFoot"] = CFrame.new(-0.000000, 0.026012, -0.000003, 0.995013, -0.032980, 0.094138, 0.063585, 0.936864, -0.343884, -0.076847, 0.348135, 0.934281),
                ["Head"] = CFrame.new(0.000000, 0.000000, -0.000000, 0.995189, 0.023986, -0.094994, 0.033387, 0.828511, 0.558977, 0.092111, -0.559460, 0.823724),
                ["RightFoot"] = CFrame.new(-0.000000, 0.026829, -0.000103, 0.996934, 0.073158, -0.027776, -0.078185, 0.945957, -0.314745, 0.003248, 0.315933, 0.948770),
                ["UpperTorso"] = CFrame.new(0.000734, -0.062100, -0.002047, 0.999872, -0.006722, 0.014551, 0.003984, 0.983559, 0.180545, -0.015525, -0.180464, 0.983459),
                ["HumanoidRootPart"] = CFrame.new(0.000000, 0.000000, 0.000000, 1.000000, 0.000000, 0.000000, 0.000000, 1.000000, 0.000000, 0.000000, 0.000000, 1.000000),
                ["RightUpperArm"] = CFrame.new(-0.092133, -0.221244, -0.055371, 0.982170, -0.186361, 0.024727, 0.179403, 0.889832, -0.419540, 0.056184, 0.416496, 0.907400),
                ["LeftUpperArm"] = CFrame.new(0.010890, -0.008691, 0.001956, 0.999819, -0.000561, -0.019046, -0.009380, 0.855557, -0.517623, 0.016586, 0.517708, 0.855397),
                ["RightLowerArm"] = CFrame.new(-0.000000, 0.050445, 0.014267, 1.000000, 0.000000, 0.000000, -0.000000, 0.856943, -0.515413, -0.000000, 0.515412, 0.856942),
                ["LeftHand"] = CFrame.new(0.000504, -0.005177, 0.000000, 0.999947, -0.009275, 0.004439, 0.009628, 0.996113, -0.087554, -0.003610, 0.087592, 0.996150),
                ["LowerTorso"] = CFrame.new(0.026765, -0.381574, -1.099051, 0.999970, 0.001564, -0.007603, -0.003656, 0.958917, -0.283664, 0.006847, 0.283683, 0.958894),
                ["RightUpperLeg"] = CFrame.new(0.000000, -0.000000, 0.000000, 0.994117, -0.104485, -0.028535, 0.084094, 0.910601, -0.404617, 0.068261, 0.399860, 0.914041),
                ["RightLowerLeg"] = CFrame.new(0.000000, 0.109254, -0.048270, 1.000000, 0.000000, 0.000000, -0.000000, 0.502647, 0.864498, 0.000000, -0.864492, 0.502636),
                ["LeftUpperLeg"] = CFrame.new(0.000000, -0.000000, -0.000100, 0.989979, 0.138995, 0.024943, -0.118463, 0.913555, -0.389057, -0.076865, 0.382227, 0.920876),
                ["LeftLowerLeg"] = CFrame.new(-0.000000, 0.107533, -0.045769, 1.000000, -0.000000, -0.000000, 0.000000, 0.527638, 0.849476, -0.000000, -0.849469, 0.527627),
            }
        },
        {
            Time = 0.033,
            Data = {
                ["RightHand"] = CFrame.new(-0.000501, -0.001001, 0.000000, 0.987633, 0.135759, -0.078421, -0.132638, 0.990199, 0.043748, 0.083591, -0.032803, 0.995960),
                ["LeftLowerArm"] = CFrame.new(-0.000500, 0.032563, 0.006666, 1.000000, -0.000000, -0.000000, 0.000000, 0.932960, -0.359982, 0.000000, 0.359981, 0.932959),
                ["LeftFoot"] = CFrame.new(0.000000, 0.025931, -0.000003, 0.995183, -0.038034, 0.090360, 0.067284, 0.935318, -0.347374, -0.071298, 0.351759, 0.933363),
                ["Head"] = CFrame.new(-0.000000, -0.000000, 0.000000, 0.994851, 0.026746, -0.097758, 0.032661, 0.828490, 0.559051, 0.095944, -0.559365, 0.823350),
                ["RightFoot"] = CFrame.new(-0.000000, 0.027459, -0.000102, 0.996971, 0.072433, -0.028325, -0.077745, 0.938100, -0.337545, 0.002122, 0.338705, 0.940883),
                ["UpperTorso"] = CFrame.new(0.000734, -0.062100, -0.002051, 0.999872, -0.006718, 0.014547, 0.003982, 0.983570, 0.180485, -0.015520, -0.180404, 0.983470),
                ["HumanoidRootPart"] = CFrame.new(0.000000, 0.000000, 0.000000, 1.000000, 0.000000, 0.000000, 0.000000, 1.000000, 0.000000, 0.000000, 0.000000, 1.000000),
                ["RightUpperArm"] = CFrame.new(-0.092870, -0.216274, -0.057803, 0.983644, -0.179733, 0.011852, 0.169462, 0.901119, -0.399082, 0.061048, 0.394563, 0.916839),
                ["LeftUpperArm"] = CFrame.new(0.010767, -0.016179, 0.001743, 0.999573, 0.014218, -0.025539, -0.024356, 0.888201, -0.458809, 0.016161, 0.459236, 0.888168),
                ["RightLowerArm"] = CFrame.new(0.000000, 0.054195, 0.016439, 1.000000, 0.000000, 0.000000, -0.000000, 0.835181, -0.549977, -0.000000, 0.549975, 0.835180),
                ["LeftHand"] = CFrame.new(0.000502, -0.003858, -0.000000, 0.999746, -0.019864, 0.010645, 0.020463, 0.998019, -0.059493, -0.009442, 0.059697, 0.998172),
                ["LowerTorso"] = CFrame.new(0.028401, -0.380610, -1.099024, 0.999877, 0.001268, -0.015655, -0.005630, 0.959447, -0.281832, 0.014662, 0.281886, 0.959336),
                ["RightUpperLeg"] = CFrame.new(0.000000, -0.000000, -0.000000, 0.993943, -0.106574, -0.026818, 0.085445, 0.902886, -0.421279, 0.069112, 0.416459, 0.906534),
                ["RightLowerLeg"] = CFrame.new(0.000000, 0.111610, -0.051681, 1.000000, 0.000000, 0.000000, -0.000000, 0.467243, 0.884136, 0.000000, -0.884129, 0.467230),
                ["LeftUpperLeg"] = CFrame.new(0.000000, -0.000000, -0.000100, 0.989646, 0.140984, 0.026913, -0.119788, 0.914580, -0.386234, -0.079068, 0.379035, 0.922008),
                ["LeftLowerLeg"] = CFrame.new(-0.000000, 0.107303, -0.045503, 1.000000, -0.000000, -0.000000, 0.000000, 0.530413, 0.847746, -0.000000, -0.847740, 0.530402),
            }
        },
        {
            Time = 0.066,
            Data = {
                ["RightHand"] = CFrame.new(-0.000500, -0.000511, 0.000000, 0.991449, 0.113054, -0.065168, -0.109426, 0.992371, 0.056802, 0.071092, -0.049182, 0.996256),
                ["LeftLowerArm"] = CFrame.new(-0.000500, 0.044860, 0.011694, 1.000000, -0.000000, -0.000000, 0.000000, 0.882698, -0.469942, 0.000000, 0.469941, 0.882697),
                ["LeftFoot"] = CFrame.new(-0.000000, 0.025798, -0.000002, 0.995365, -0.045675, 0.084639, 0.072746, 0.933205, -0.351925, -0.062906, 0.356430, 0.932194),
                ["Head"] = CFrame.new(0.000000, -0.000000, 0.000000, 0.994265, 0.031226, -0.102283, 0.031503, 0.828463, 0.559157, 0.102198, -0.559173, 0.822728),
                ["RightFoot"] = CFrame.new(0.000000, 0.028377, -0.000102, 0.996982, 0.072217, -0.028489, -0.077631, 0.925208, -0.371453, -0.000468, 0.372524, 0.928015),
                ["UpperTorso"] = CFrame.new(0.000733, -0.062100, -0.002058, 0.999872, -0.006711, 0.014543, 0.003978, 0.983589, 0.180378, -0.015515, -0.180297, 0.983490),
                ["HumanoidRootPart"] = CFrame.new(0.000000, 0.000000, 0.000000, 1.000000, 0.000000, 0.000000, 0.000000, 1.000000, 0.000000, 0.000000, 0.000000, 1.000000),
                ["RightUpperArm"] = CFrame.new(-0.093900, -0.208588, -0.061345, 0.985705, -0.168338, -0.006921, 0.154090, 0.917364, -0.367015, 0.068132, 0.360702, 0.930189),
                ["LeftUpperArm"] = CFrame.new(0.010367, -0.027423, 0.001710, 0.998773, 0.037428, -0.032444, -0.046845, 0.926574, -0.373185, 0.016094, 0.374247, 0.927190),
                ["RightLowerArm"] = CFrame.new(0.000000, 0.059595, 0.019938, 1.000000, 0.000000, 0.000000, -0.000000, 0.800103, -0.599864, -0.000000, 0.599863, 0.800102),
                ["LeftHand"] = CFrame.new(0.000502, -0.002402, -0.000000, 0.999180, -0.035365, 0.019730, 0.035925, 0.998940, -0.028770, -0.018691, 0.029457, 0.999391),
                ["LowerTorso"] = CFrame.new(0.030454, -0.379000, -1.098797, 0.999585, 0.000758, -0.028805, -0.008764, 0.960290, -0.278866, 0.027450, 0.279002, 0.959898),
                ["RightUpperLeg"] = CFrame.new(-0.000000, -0.000000, -0.000000, 0.993848, -0.108601, -0.021712, 0.087731, 0.891643, -0.444136, 0.067593, 0.439521, 0.895697),
                ["RightLowerLeg"] = CFrame.new(-0.000000, 0.114769, -0.056737, 1.000000, 0.000000, 0.000000, -0.000000, 0.414678, 0.909975, 0.000000, -0.909968, 0.414664),
                ["LeftUpperLeg"] = CFrame.new(0.000000, -0.000000, -0.000100, 0.989106, 0.143987, 0.030599, -0.121573, 0.916247, -0.381699, -0.082997, 0.373844, 0.923780),
                ["LeftLowerLeg"] = CFrame.new(0.000000, 0.106929, -0.045075, 1.000000, -0.000000, -0.000000, 0.000000, 0.534878, 0.844936, -0.000000, -0.844930, 0.534867),
            }
        },
        {
            Time = 0.100,
            Data = {
                ["RightHand"] = CFrame.new(-0.000500, 0.000065, -0.000000, 0.995302, 0.083976, -0.048196, -0.080379, 0.994142, 0.072265, 0.053981, -0.068049, 0.996220),
                ["LeftLowerArm"] = CFrame.new(-0.000500, 0.056618, 0.018391, 1.000000, -0.000000, -0.000000, 0.000000, 0.815685, -0.578498, 0.000000, 0.578497, 0.815684),
                ["LeftFoot"] = CFrame.new(0.000000, 0.025616, -0.000003, 0.995465, -0.055522, 0.077250, 0.079632, 0.930579, -0.357347, -0.052043, 0.361857, 0.930772),
                ["Head"] = CFrame.new(-0.000000, 0.000000, 0.000000, 0.993396, 0.037330, -0.108498, 0.029954, 0.828435, 0.559283, 0.110762, -0.558840, 0.821846),
                ["RightFoot"] = CFrame.new(-0.000000, 0.029355, -0.000102, 0.996958, 0.072688, -0.028132, -0.077811, 0.907299, -0.413244, -0.004514, 0.414155, 0.910186),
                ["UpperTorso"] = CFrame.new(0.000733, -0.062099, -0.002068, 0.999872, -0.006701, 0.014539, 0.003971, 0.983619, 0.180218, -0.015508, -0.180137, 0.983519),
                ["HumanoidRootPart"] = CFrame.new(0.000000, 0.000000, 0.000000, 1.000000, 0.000000, 0.000000, 0.000000, 1.000000, 0.000000, 0.000000, 0.000000, 1.000000),
                ["RightUpperArm"] = CFrame.new(-0.095012, -0.198720, -0.065829, 0.987929, -0.152058, -0.029570, 0.134356, 0.936120, -0.325005, 0.077100, 0.317109, 0.945250),
                ["LeftUpperArm"] = CFrame.new(0.009505, -0.041420, 0.002194, 0.997050, 0.067448, -0.036647, -0.074840, 0.960291, -0.268775, 0.017063, 0.270725, 0.962506),
                ["RightLowerArm"] = CFrame.new(0.000000, 0.065899, 0.024651, 1.000000, 0.000000, 0.000000, -0.000000, 0.752812, -0.658237, -0.000000, 0.658236, 0.752811),
                ["LeftHand"] = CFrame.new(0.000501, -0.001355, 0.000000, 0.998069, -0.054016, 0.030660, 0.054218, 0.998512, -0.005785, -0.030301, 0.007438, 0.999513),
                ["LowerTorso"] = CFrame.new(0.032906, -0.376740, -1.098215, 0.998903, 0.000034, -0.046832, -0.012917, 0.961410, -0.274817, 0.045016, 0.275121, 0.960355),
                ["RightUpperLeg"] = CFrame.new(0.000000, -0.000000, -0.000000, 0.993772, -0.110563, -0.013899, 0.091139, 0.878199, -0.469510, 0.064117, 0.465342, 0.882818),
                ["RightLowerLeg"] = CFrame.new(0.000000, 0.117991, -0.062947, 1.000000, 0.000000, 0.000000, -0.000000, 0.350112, 0.936713, 0.000000, -0.936708, 0.350098),
                ["LeftUpperLeg"] = CFrame.new(-0.000000, -0.000000, -0.000100, 0.988300, 0.148135, 0.036314, -0.123871, 0.918477, -0.375553, -0.088986, 0.366684, 0.926089),
                ["LeftLowerLeg"] = CFrame.new(-0.000000, 0.106410, -0.044487, 1.000000, -0.000000, -0.000000, 0.000000, 0.541006, 0.841025, -0.000000, -0.841019, 0.540996),
            }
        },
        {
            Time = 0.133,
            Data = {
                ["RightHand"] = CFrame.new(-0.000499, 0.000679, 0.000000, 0.998326, 0.050307, -0.028545, -0.047637, 0.995021, 0.087547, 0.032807, -0.086038, 0.995751),
                ["LeftLowerArm"] = CFrame.new(-0.000500, 0.066565, 0.025785, 1.000000, -0.000000, -0.000000, 0.000000, 0.741588, -0.670857, 0.000000, 0.670856, 0.741587),
                ["LeftFoot"] = CFrame.new(-0.000000, 0.025386, -0.000003, 0.995388, -0.067199, 0.068466, 0.087612, 0.927497, -0.363441, -0.039076, 0.367741, 0.929098),
                ["Head"] = CFrame.new(0.000000, 0.000000, 0.000000, 0.992192, 0.044957, -0.116335, 0.028056, 0.828409, 0.559421, 0.121523, -0.558317, 0.820680),
                ["RightFoot"] = CFrame.new(0.000000, 0.030367, -0.000102, 0.996881, 0.074142, -0.027030, -0.078257, 0.884610, -0.459740, -0.010175, 0.460400, 0.887642),
                ["UpperTorso"] = CFrame.new(0.000732, -0.062099, -0.002082, 0.999872, -0.006688, 0.014534, 0.003963, 0.983659, 0.179999, -0.015500, -0.179919, 0.983559),
                ["HumanoidRootPart"] = CFrame.new(0.000000, 0.000000, 0.000000, 1.000000, 0.000000, 0.000000, 0.000000, 1.000000, 0.000000, 0.000000, 0.000000, 1.000000),
                ["RightUpperArm"] = CFrame.new(-0.095989, -0.187310, -0.071133, 0.989883, -0.131157, -0.054133, 0.111533, 0.955088, -0.274529, 0.087709, 0.265715, 0.960054),
                ["LeftUpperArm"] = CFrame.new(0.008066, -0.056983, 0.003605, 0.994171, 0.101589, -0.036106, -0.105965, 0.982458, -0.153456, 0.019883, 0.156388, 0.987496),
                ["RightLowerArm"] = CFrame.new(-0.000000, 0.072463, 0.030412, 1.000000, 0.000000, 0.000000, -0.000000, 0.694966, -0.719043, -0.000000, 0.719042, 0.694966),
                ["LeftHand"] = CFrame.new(0.000500, -0.000483, 0.000000, 0.996383, -0.073741, 0.042222, 0.073737, 0.997276, 0.001660, -0.042229, 0.001462, 0.999107),
                ["LowerTorso"] = CFrame.new(0.035738, -0.373828, -1.097119, 0.997581, -0.000889, -0.069512, -0.017937, 0.962770, -0.269727, 0.067164, 0.270322, 0.960424),
                ["RightUpperLeg"] = CFrame.new(0.000000, -0.000000, -0.000000, 0.993623, -0.112679, -0.004048, 0.095989, 0.864187, -0.493909, 0.059152, 0.490393, 0.869504),
                ["RightLowerLeg"] = CFrame.new(-0.000000, 0.120895, -0.069737, 1.000000, 0.000000, 0.000000, -0.000000, 0.279409, 0.960177, 0.000000, -0.960172, 0.279394),
                ["LeftUpperLeg"] = CFrame.new(-0.000000, -0.000000, -0.000100, 0.987145, 0.153543, 0.044388, -0.126741, 0.921180, -0.367894, -0.097377, 0.357563, 0.928808),
                ["LeftLowerLeg"] = CFrame.new(0.000000, 0.105744, -0.043741, 1.000000, -0.000000, -0.000000, 0.000000, 0.548774, 0.835978, -0.000000, -0.835971, 0.548763),
            }
        },
        {
            Time = 0.166,
            Data = {
                ["RightHand"] = CFrame.new(-0.000499, 0.001302, -0.000000, 0.999873, 0.014094, -0.007411, -0.013278, 0.994846, 0.100530, 0.008790, -0.100416, 0.994907),
                ["LeftLowerArm"] = CFrame.new(-0.000500, 0.074231, 0.032900, 1.000000, -0.000000, -0.000000, 0.000000, 0.670226, -0.742158, 0.000000, 0.742157, 0.670226),
                ["LeftFoot"] = CFrame.new(0.000000, 0.025106, -0.000003, 0.995047, -0.080344, 0.058546, 0.096377, 0.924033, -0.369989, -0.024370, 0.373776, 0.927190),
                ["Head"] = CFrame.new(0.000000, -0.000000, 0.000000, 0.990594, 0.054009, -0.125721, 0.025851, 0.828388, 0.559559, 0.134367, -0.557546, 0.819200),
                ["RightFoot"] = CFrame.new(-0.000000, 0.030891, -0.000102, 0.996721, 0.077001, -0.024864, -0.078924, 0.857407, -0.508574, -0.017842, 0.508846, 0.860659),
                ["UpperTorso"] = CFrame.new(0.000731, -0.062098, -0.002099, 0.999872, -0.006672, 0.014529, 0.003953, 0.983711, 0.179716, -0.015491, -0.179636, 0.983611),
                ["HumanoidRootPart"] = CFrame.new(0.000000, 0.000000, 0.000000, 1.000000, 0.000000, 0.000000, 0.000000, 1.000000, 0.000000, 0.000000, 0.000000, 1.000000),
                ["RightUpperArm"] = CFrame.new(-0.096641, -0.175096, -0.077183, 0.991187, -0.106402, -0.078915, 0.087105, 0.972298, -0.216907, 0.099808, 0.208122, 0.972997),
                ["LeftUpperArm"] = CFrame.new(0.006065, -0.072775, 0.006380, 0.990168, 0.136559, -0.030310, -0.137550, 0.989929, -0.033464, 0.025435, 0.037305, 0.998980),
                ["RightLowerArm"] = CFrame.new(-0.000000, 0.078792, 0.036998, 1.000000, 0.000000, 0.000000, -0.000000, 0.628771, -0.777591, -0.000000, 0.777590, 0.628771),
                ["LeftHand"] = CFrame.new(0.000500, 0.000209, 0.000000, 0.994322, -0.092239, 0.053072, 0.092890, 0.995627, -0.009927, -0.051924, 0.014802, 0.998541),
                ["LowerTorso"] = CFrame.new(0.038931, -0.370263, -1.095346, 0.995320, -0.001989, -0.096615, -0.023663, 0.964333, -0.263631, 0.093693, 0.264683, 0.959773),
                ["RightUpperLeg"] = CFrame.new(0.000000, 0.000000, 0.000000, 0.993283, -0.115478, 0.007327, 0.102738, 0.851013, -0.514976, 0.053234, 0.512291, 0.857174),
                ["RightLowerLeg"] = CFrame.new(0.000000, 0.122925, -0.076682, 1.000000, 0.000000, 0.000000, -0.000000, 0.207329, 0.978275, 0.000000, -0.978271, 0.207314),
                ["LeftUpperLeg"] = CFrame.new(0.000000, 0.000000, -0.000100, 0.985525, 0.160305, 0.055170, -0.130254, 0.924264, -0.358823, -0.108513, 0.346466, 0.931774),
                ["LeftLowerLeg"] = CFrame.new(0.000000, 0.104924, -0.042840, 1.000000, -0.000000, -0.000000, 0.000000, 0.558160, 0.829740, -0.000000, -0.829734, 0.558150),
            }
        },
        {
            Time = 0.200,
            Data = {
                ["RightHand"] = CFrame.new(-0.000499, 0.001917, 0.000000, 0.999653, -0.022393, 0.013878, 0.020738, 0.993753, 0.109660, -0.016247, -0.109332, 0.993872),
                ["LeftLowerArm"] = CFrame.new(-0.000500, 0.079607, 0.038861, 1.000000, -0.000000, -0.000000, 0.000000, 0.610385, -0.792105, 0.000000, 0.792105, 0.610385),
                ["LeftFoot"] = CFrame.new(-0.000000, 0.024791, -0.000003, 0.994369, -0.094617, 0.047738, 0.105652, 0.920286, -0.376734, -0.008287, 0.379633, 0.925091),
                ["Head"] = CFrame.new(0.000000, 0.000000, 0.000000, 0.988534, 0.064382, -0.136585, 0.023381, 0.828373, 0.559689, 0.149178, -0.556465, 0.817369),
                ["RightFoot"] = CFrame.new(-0.000000, 0.031687, -0.000101, 0.996423, 0.081805, -0.021221, -0.079741, 0.826881, -0.556719, -0.027994, 0.556395, 0.830430),
                ["UpperTorso"] = CFrame.new(0.000730, -0.062098, -0.002122, 0.999872, -0.006653, 0.014523, 0.003941, 0.983775, 0.179363, -0.015480, -0.179283, 0.983676),
                ["HumanoidRootPart"] = CFrame.new(0.000000, 0.000000, 0.000000, 1.000000, 0.000000, 0.000000, 0.000000, 1.000000, 0.000000, 0.000000, 0.000000, 1.000000),
                ["RightUpperArm"] = CFrame.new(-0.096834, -0.162914, -0.083955, 0.991572, -0.079055, -0.102643, 0.062741, 0.986165, -0.153435, 0.113353, 0.145702, 0.982813),
                ["LeftUpperArm"] = CFrame.new(0.003672, -0.087409, 0.010940, 0.985382, 0.169114, -0.020564, -0.166818, 0.982328, 0.084876, 0.034555, -0.080204, 0.996179),
                ["RightLowerArm"] = CFrame.new(0.000000, 0.084550, 0.044148, 1.000000, 0.000000, 0.000000, -0.000000, 0.556825, -0.830630, -0.000000, 0.830630, 0.556825),
                ["LeftHand"] = CFrame.new(0.000500, 0.000721, 0.000000, 0.992318, -0.107153, 0.061832, 0.109818, 0.993088, -0.041425, -0.056965, 0.047898, 0.997227),
                ["LowerTorso"] = CFrame.new(0.042463, -0.366043, -1.092731, 0.991782, -0.003240, -0.127896, -0.029929, 0.966065, -0.256561, 0.124387, 0.258280, 0.958029),
                ["RightUpperLeg"] = CFrame.new(-0.000000, -0.000000, -0.000000, 0.992602, -0.119822, 0.019602, 0.111962, 0.840846, -0.529547, 0.046970, 0.527845, 0.848054),
                ["RightLowerLeg"] = CFrame.new(0.000000, 0.124466, -0.083038, 1.000000, 0.000000, 0.000000, -0.000000, 0.141086, 0.990000, 0.000000, -0.989998, 0.141071),
                ["LeftUpperLeg"] = CFrame.new(0.000000, -0.000000, -0.000100, 0.983283, 0.168492, 0.069032, -0.134494, 0.927631, -0.348419, -0.122742, 0.333333, 0.934793),
                ["LeftLowerLeg"] = CFrame.new(-0.000000, 0.103950, -0.041780, 1.000000, -0.000000, -0.000000, 0.000000, 0.569181, 0.822219, -0.000000, -0.822213, 0.569171),
            }
        },
        {
            Time = 0.233,
            Data = {
                ["RightHand"] = CFrame.new(-0.000498, 0.002919, -0.000000, 0.997812, -0.056747, 0.033919, 0.052571, 0.992158, 0.113395, -0.040087, -0.111361, 0.992971),
                ["LeftLowerArm"] = CFrame.new(-0.000500, 0.082901, 0.043022, 1.000000, -0.000000, -0.000000, 0.000000, 0.568575, -0.822631, 0.000000, 0.822631, 0.568575),
                ["LeftFoot"] = CFrame.new(-0.000000, 0.024507, -0.000003, 0.993302, -0.109703, 0.036273, 0.115207, 0.916412, -0.383319, 0.008810, 0.384908, 0.922903),
                ["Head"] = CFrame.new(0.000000, -0.000000, 0.000000, 0.985937, 0.075973, -0.148852, 0.020685, 0.828368, 0.559803, 0.165834, -0.555009, 0.815147),
                ["RightFoot"] = CFrame.new(0.000000, 0.032137, -0.000101, 0.995894, 0.089175, -0.015626, -0.080565, 0.794219, -0.602292, -0.041297, 0.601053, 0.798123),
                ["UpperTorso"] = CFrame.new(0.000729, -0.062097, -0.002149, 0.999873, -0.006631, 0.014516, 0.003927, 0.983853, 0.178933, -0.015468, -0.178854, 0.983754),
                ["HumanoidRootPart"] = CFrame.new(0.000000, 0.000000, 0.000000, 1.000000, 0.000000, 0.000000, 0.000000, 1.000000, 0.000000, 0.000000, 0.000000, 1.000000),
                ["RightUpperArm"] = CFrame.new(-0.096500, -0.151667, -0.091487, 0.990903, -0.050855, -0.124596, 0.040248, 0.995463, -0.086221, 0.128416, 0.080422, 0.988454),
                ["LeftUpperArm"] = CFrame.new(0.001174, -0.099586, 0.017614, 0.980387, 0.196836, -0.009837, -0.191172, 0.961933, 0.195292, 0.047903, -0.189580, 0.980696),
                ["RightLowerArm"] = CFrame.new(-0.000000, 0.089766, 0.051452, 1.000000, 0.000000, 0.000000, -0.000000, 0.483040, -0.875598, -0.000000, 0.875598, 0.483040),
                ["LeftHand"] = CFrame.new(0.000500, 0.001053, -0.000000, 0.990931, -0.116335, 0.067245, 0.122211, 0.988313, -0.091112, -0.055859, 0.098505, 0.993568),
                ["LowerTorso"] = CFrame.new(0.046312, -0.361166, -1.089105, 0.986600, -0.004609, -0.163092, -0.036566, 0.967928, -0.248552, 0.159007, 0.251185, 0.954789),
                ["RightUpperLeg"] = CFrame.new(0.000000, -0.000000, 0.000000, 0.991394, -0.126838, 0.032391, 0.124312, 0.834587, -0.536645, 0.041035, 0.536075, 0.843186),
                ["RightLowerLeg"] = CFrame.new(-0.000000, 0.125289, -0.088467, 1.000000, 0.000000, 0.000000, -0.000000, 0.084593, 0.996417, 0.000000, -0.996416, 0.084579),
                ["LeftUpperLeg"] = CFrame.new(-0.000000, -0.000000, -0.000100, 0.980207, 0.178139, 0.086381, -0.139564, 0.931211, -0.336678, -0.140415, 0.317982, 0.937649),
                ["LeftLowerLeg"] = CFrame.new(-0.000000, 0.102852, -0.040544, 1.000000, -0.000000, -0.000000, 0.000000, 0.581997, 0.813197, -0.000000, -0.813191, 0.581988),
            }
        },
        {
            Time = 0.266,
            Data = {
                ["RightHand"] = CFrame.new(-0.000498, 0.003876, -0.000000, 0.994926, -0.086554, 0.051297, 0.080383, 0.990440, 0.112110, -0.060510, -0.107415, 0.992371),
                ["LeftLowerArm"] = CFrame.new(-0.000500, 0.084377, 0.045039, 1.000000, -0.000000, -0.000000, -0.000000, 0.548302, -0.836281, 0.000000, 0.836281, 0.548301),
                ["LeftFoot"] = CFrame.new(-0.000000, 0.024187, -0.000003, 0.991818, -0.125319, 0.024360, 0.124864, 0.912514, -0.389545, 0.026587, 0.389376, 0.920686),
                ["Head"] = CFrame.new(0.000000, -0.000000, -0.000000, 0.982725, 0.088674, -0.162445, 0.017804, 0.828376, 0.559890, 0.184213, -0.553110, 0.812487),
                ["RightFoot"] = CFrame.new(0.000000, 0.032383, -0.000101, 0.994987, 0.099718, -0.007610, -0.081245, 0.761613, -0.642945, -0.058314, 0.640314, 0.765875),
                ["UpperTorso"] = CFrame.new(0.000727, -0.062095, -0.002181, 0.999873, -0.006606, 0.014508, 0.003911, 0.983946, 0.178423, -0.015454, -0.178343, 0.983847),
                ["HumanoidRootPart"] = CFrame.new(0.000000, 0.000000, 0.000000, 1.000000, 0.000000, 0.000000, 0.000000, 1.000000, 0.000000, 0.000000, 0.000000, 1.000000),
                ["RightUpperArm"] = CFrame.new(-0.095634, -0.142288, -0.099865, 0.989173, -0.023604, -0.144843, 0.021489, 0.999639, -0.016149, 0.145171, 0.012862, 0.989323),
                ["LeftUpperArm"] = CFrame.new(-0.001121, -0.108273, 0.026563, 0.975797, 0.218671, -0.002030, -0.208545, 0.933327, 0.292251, 0.065801, -0.284753, 0.956340),
                ["RightLowerArm"] = CFrame.new(-0.000000, 0.094132, 0.058767, 1.000000, 0.000000, 0.000000, -0.000000, 0.408996, -0.912536, -0.000000, 0.912536, 0.408997),
                ["LeftHand"] = CFrame.new(0.000499, 0.001208, 0.000000, 0.990637, -0.118174, 0.068366, 0.127541, 0.979706, -0.154627, -0.048705, 0.161899, 0.985605),
                ["LowerTorso"] = CFrame.new(0.050450, -0.355630, -1.084302, 0.979385, -0.006066, -0.201914, -0.043400, 0.969890, -0.239647, 0.197288, 0.243469, 0.949632),
                ["RightUpperLeg"] = CFrame.new(0.000000, -0.000000, -0.000000, 0.989436, -0.137771, 0.045105, 0.140392, 0.833079, -0.535022, 0.036135, 0.535723, 0.843633),
                ["RightLowerLeg"] = CFrame.new(0.000000, 0.125642, -0.092482, 1.000000, 0.000000, 0.000000, -0.000000, 0.042852, 0.999082, 0.000000, -0.999081, 0.042839),
                ["LeftUpperLeg"] = CFrame.new(-0.000000, -0.000000, -0.000100, 0.976013, 0.189268, 0.107597, -0.145582, 0.934838, -0.323835, -0.161878, 0.300426, 0.939975),
                ["LeftLowerLeg"] = CFrame.new(-0.000000, 0.101580, -0.039153, 1.000000, -0.000000, -0.000000, 0.000000, 0.596402, 0.802692, -0.000000, -0.802686, 0.596394),
            }
        },
        {
            Time = 0.300,
            Data = {
                ["RightHand"] = CFrame.new(-0.000497, 0.004521, -0.000000, 0.991878, -0.109524, 0.064677, 0.102269, 0.989043, 0.106464, -0.075628, -0.098982, 0.992211),
                ["LeftLowerArm"] = CFrame.new(-0.000500, 0.084267, 0.044885, 1.000000, -0.000000, -0.000000, 0.000000, 0.549851, -0.835263, 0.000000, 0.835263, 0.549851),
                ["LeftFoot"] = CFrame.new(-0.000000, 0.023687, -0.000003, 0.989904, -0.141214, 0.012186, 0.134489, 0.908660, -0.395307, 0.044747, 0.392931, 0.918468),
                ["Head"] = CFrame.new(-0.000000, 0.000000, 0.000000, 0.978821, 0.102372, -0.177284, 0.014777, 0.828400, 0.559942, 0.204185, -0.550703, 0.809343),
                ["RightFoot"] = CFrame.new(-0.000000, 0.032516, -0.000101, 0.993493, 0.113849, 0.003156, -0.081739, 0.732061, -0.676343, -0.079307, 0.671659, 0.736580),
                ["UpperTorso"] = CFrame.new(0.000726, -0.062094, -0.002219, 0.999873, -0.006577, 0.014500, 0.003894, 0.984055, 0.177824, -0.015438, -0.177745, 0.983955),
                ["HumanoidRootPart"] = CFrame.new(0.000000, 0.000000, 0.000000, 1.000000, 0.000000, 0.000000, 0.000000, 1.000000, 0.000000, 0.000000, 0.000000, 1.000000),
                ["RightUpperArm"] = CFrame.new(-0.094273, -0.135694, -0.109203, 0.986451, 0.000854, -0.164055, 0.008302, 0.998446, 0.055116, 0.163847, -0.055730, 0.984910),
                ["LeftUpperArm"] = CFrame.new(-0.003013, -0.112895, 0.037704, 0.972013, 0.234925, -0.000844, -0.217789, 0.902446, 0.371698, 0.088083, -0.361110, 0.928354),
                ["RightLowerArm"] = CFrame.new(-0.000000, 0.097445, 0.065916, 1.000000, 0.000000, 0.000000, -0.000000, 0.336720, -0.941605, -0.000000, 0.941605, 0.336720),
                ["LeftHand"] = CFrame.new(0.000499, 0.001197, 0.000000, 0.991601, -0.111949, 0.064770, 0.123823, 0.966361, -0.225419, -0.037355, 0.231545, 0.972107),
                ["LowerTorso"] = CFrame.new(0.054848, -0.349430, -1.078151, 0.969735, -0.007580, -0.244041, -0.050258, 0.971917, -0.229896, 0.238931, 0.235203, 0.942121),
                ["RightUpperLeg"] = CFrame.new(0.000000, 0.000000, -0.000000, 0.986478, -0.153686, 0.056933, 0.160552, 0.836383, -0.524086, 0.032927, 0.526161, 0.849761),
                ["RightLowerLeg"] = CFrame.new(-0.000000, 0.125761, -0.094648, 1.000000, 0.000000, 0.000000, -0.000000, 0.020320, 0.999794, 0.000000, -0.999794, 0.020307),
                ["LeftUpperLeg"] = CFrame.new(0.000000, 0.000000, -0.000100, 0.970332, 0.201892, 0.133031, -0.152685, 0.938295, -0.310282, -0.187466, 0.280788, 0.941291),
                ["LeftLowerLeg"] = CFrame.new(-0.000000, 0.100028, -0.037656, 1.000000, -0.000000, -0.000000, 0.000000, 0.611970, 0.790887, -0.000000, -0.790881, 0.611962),
            }
        },
        {
            Time = 0.333,
            Data = {
                ["RightHand"] = CFrame.new(-0.000497, 0.005212, 0.000000, 0.989649, -0.123631, 0.072878, 0.116342, 0.988465, 0.096965, -0.084024, -0.087481, 0.992616),
                ["LeftLowerArm"] = CFrame.new(-0.000500, 0.082748, 0.042820, 1.000000, -0.000000, -0.000000, 0.000000, 0.570608, -0.821223, 0.000000, 0.821222, 0.570608),
                ["LeftFoot"] = CFrame.new(0.000000, 0.023058, -0.000002, 0.987571, -0.157173, -0.000087, 0.144004, 0.905058, -0.400191, 0.062974, 0.395180, 0.916432),
                ["Head"] = CFrame.new(-0.000000, 0.000000, -0.000000, 0.974147, 0.116954, -0.193289, 0.011643, 0.828446, 0.559947, 0.225617, -0.547721, 0.805666),
                ["RightFoot"] = CFrame.new(0.000000, 0.032512, -0.000101, 0.991173, 0.131528, 0.016665, -0.082348, 0.709281, -0.700125, -0.103900, 0.692547, 0.713826),
                ["UpperTorso"] = CFrame.new(0.000724, -0.062092, -0.002262, 0.999874, -0.006545, 0.014490, 0.003875, 0.984179, 0.177132, -0.015420, -0.177054, 0.984080),
                ["HumanoidRootPart"] = CFrame.new(0.000000, 0.000000, 0.000000, 1.000000, 0.000000, 0.000000, 0.000000, 1.000000, 0.000000, 0.000000, 0.000000, 1.000000),
                ["RightUpperArm"] = CFrame.new(-0.092453, -0.132746, -0.119581, 0.982810, 0.020639, -0.183462, 0.002408, 0.992214, 0.124519, 0.184604, -0.122819, 0.975109),
                ["LeftUpperArm"] = CFrame.new(-0.004501, -0.113520, 0.050650, 0.969036, 0.246769, -0.008606, -0.219041, 0.875192, 0.431348, 0.113975, -0.416106, 0.902145),
                ["RightLowerArm"] = CFrame.new(-0.000001, 0.100004, 0.072521, 1.000000, 0.000000, 0.000000, -0.000000, 0.269784, -0.962921, -0.000000, 0.962921, 0.269785),
                ["LeftHand"] = CFrame.new(0.000499, 0.001038, 0.000000, 0.993550, -0.098176, 0.056753, 0.110654, 0.948803, -0.295852, -0.024801, 0.300223, 0.953546),
                ["LowerTorso"] = CFrame.new(0.059472, -0.342561, -1.070486, 0.957250, -0.009124, -0.289118, -0.056971, 0.973978, -0.219364, 0.283596, 0.226457, 0.931821),
                ["RightUpperLeg"] = CFrame.new(-0.000000, -0.000000, -0.000000, 0.982298, -0.175031, 0.066739, 0.184592, 0.843803, -0.503886, 0.031881, 0.507307, 0.861188),
                ["RightLowerLeg"] = CFrame.new(0.000000, 0.125758, -0.094581, 1.000000, 0.000000, 0.000000, -0.000000, 0.021025, 0.999779, 0.000000, -0.999779, 0.021012),
                ["LeftUpperLeg"] = CFrame.new(-0.000000, -0.000000, -0.000100, 0.962688, 0.215949, 0.163095, -0.161024, 0.941477, -0.296106, -0.217495, 0.258818, 0.941128),
                ["LeftLowerLeg"] = CFrame.new(-0.000000, 0.098218, -0.036039, 1.000000, -0.000000, -0.000000, 0.000000, 0.628808, 0.777566, -0.000000, -0.777560, 0.628801),
            }
        },
        {
            Time = 0.366,
            Data = {
                ["RightHand"] = CFrame.new(-0.000496, 0.005524, 0.000000, 0.989033, -0.127259, 0.074956, 0.120745, 0.988966, 0.085835, -0.085051, -0.075841, 0.993486),
                ["LeftLowerArm"] = CFrame.new(-0.000500, 0.079873, 0.039180, 1.000000, -0.000000, -0.000000, 0.000000, 0.607176, -0.794568, 0.000000, 0.794567, 0.607176),
                ["LeftFoot"] = CFrame.new(0.000000, 0.022368, -0.000003, 0.984843, -0.173011, -0.012316, 0.153398, 0.901946, -0.403710, 0.080950, 0.395678, 0.914804),
                ["Head"] = CFrame.new(-0.000000, -0.000000, 0.000000, 0.968628, 0.132298, -0.210374, 0.008440, 0.828521, 0.559894, 0.248372, -0.544105, 0.801412),
                ["RightFoot"] = CFrame.new(-0.000000, 0.032380, -0.000101, 0.987761, 0.152503, 0.032746, -0.083709, 0.695442, -0.713715, -0.131609, 0.702213, 0.699670),
                ["UpperTorso"] = CFrame.new(0.000722, -0.062091, -0.002312, 0.999874, -0.006510, 0.014478, 0.003855, 0.984322, 0.176341, -0.015399, -0.176263, 0.984223),
                ["HumanoidRootPart"] = CFrame.new(0.000000, 0.000000, 0.000000, 1.000000, 0.000000, 0.000000, 0.000000, 1.000000, 0.000000, 0.000000, 0.000000, 1.000000),
                ["RightUpperArm"] = CFrame.new(-0.090176, -0.134204, -0.130947, 0.978255, 0.034227, -0.204562, 0.005322, 0.981823, 0.189727, 0.207337, -0.186689, 0.960291),
                ["LeftUpperArm"] = CFrame.new(-0.005979, -0.112016, 0.064409, 0.966080, 0.257072, -0.024563, -0.216031, 0.856616, 0.468551, 0.141493, -0.447351, 0.883095),
                ["RightLowerArm"] = CFrame.new(-0.000001, 0.101662, 0.078480, 1.000000, 0.000000, 0.000000, -0.000000, 0.209557, -0.977796, -0.000000, 0.977796, 0.209557),
                ["LeftHand"] = CFrame.new(0.000499, 0.000748, -0.000000, 0.995652, -0.080690, 0.046551, 0.092047, 0.929013, -0.358418, -0.014325, 0.361143, 0.932400),
                ["LowerTorso"] = CFrame.new(0.064284, -0.335016, -1.061141, 0.941534, -0.010676, -0.336749, -0.063372, 0.976046, -0.208130, 0.330905, 0.217302, 0.918304),
                ["RightUpperLeg"] = CFrame.new(0.000000, -0.000000, -0.000000, 0.976688, -0.201635, 0.073648, 0.212051, 0.852844, -0.477148, 0.033400, 0.481663, 0.875732),
                ["RightLowerLeg"] = CFrame.new(0.000000, 0.125638, -0.092419, 1.000000, 0.000000, 0.000000, -0.000000, 0.043505, 0.999054, 0.000000, -0.999053, 0.043492),
                ["LeftUpperLeg"] = CFrame.new(-0.000000, -0.000000, -0.000100, 0.952481, 0.231302, 0.198196, -0.170756, 0.944275, -0.281380, -0.252236, 0.234188, 0.938906),
                ["LeftLowerLeg"] = CFrame.new(-0.000000, 0.096179, -0.034283, 1.000000, -0.000000, -0.000000, 0.000000, 0.647080, 0.762428, -0.000000, -0.762423, 0.647073),
            }
        },
        {
            Time = 0.400,
            Data = {
                ["RightHand"] = CFrame.new(-0.000496, 0.005781, -0.000000, 0.990356, -0.119376, 0.070312, 0.114068, 0.990622, 0.075215, -0.078630, -0.066468, 0.994685),
                ["LeftLowerArm"] = CFrame.new(-0.000500, 0.075791, 0.034536, 1.000000, -0.000000, -0.000000, 0.000000, 0.653811, -0.756659, 0.000000, 0.756658, 0.653810),
                ["LeftFoot"] = CFrame.new(-0.000000, 0.021618, -0.000003, 0.981757, -0.188572, -0.024379, 0.162709, 0.899534, -0.405443, 0.098379, 0.394056, 0.913795),
                ["Head"] = CFrame.new(0.000000, -0.000000, 0.000000, 0.962197, 0.148282, -0.228452, 0.005205, 0.828633, 0.559768, 0.272307, -0.539796, 0.796536),
                ["RightFoot"] = CFrame.new(-0.000000, 0.032151, -0.000101, 0.982979, 0.176450, 0.051179, -0.086595, 0.690669, -0.717993, -0.162028, 0.701314, 0.694167),
                ["UpperTorso"] = CFrame.new(0.000720, -0.062089, -0.002369, 0.999874, -0.006471, 0.014465, 0.003833, 0.984482, 0.175446, -0.015376, -0.175368, 0.984383),
                ["HumanoidRootPart"] = CFrame.new(0.000000, 0.000000, 0.000000, 1.000000, 0.000000, 0.000000, 0.000000, 1.000000, 0.000000, 0.000000, 0.000000, 1.000000),
                ["RightUpperArm"] = CFrame.new(-0.087392, -0.140652, -0.142979, 0.972688, 0.039991, -0.228646, 0.018217, 0.968856, 0.246956, 0.231401, -0.244375, 0.941665),
                ["LeftUpperArm"] = CFrame.new(-0.007750, -0.110025, 0.078157, 0.962537, 0.267169, -0.046286, -0.212050, 0.848083, 0.485583, 0.168987, -0.457577, 0.872964),
                ["RightLowerArm"] = CFrame.new(-0.000001, 0.102751, 0.083484, 1.000000, 0.000000, -0.000000, -0.000000, 0.158949, -0.987287, -0.000000, 0.987287, 0.158950),
                ["LeftHand"] = CFrame.new(0.000500, 0.000356, -0.000000, 0.997367, -0.062878, 0.036144, 0.072179, 0.909304, -0.409827, -0.007097, 0.411355, 0.911447),
                ["LowerTorso"] = CFrame.new(0.069242, -0.326786, -1.049953, 0.922209, -0.012219, -0.386498, -0.069306, 0.978093, -0.196292, 0.380429, 0.207809, 0.901160),
                ["RightUpperLeg"] = CFrame.new(-0.000000, -0.000000, -0.000000, 0.969433, -0.232894, 0.077191, 0.242400, 0.860435, -0.448189, 0.037963, 0.453223, 0.890600),
                ["RightLowerLeg"] = CFrame.new(0.000000, 0.125314, -0.088697, 1.000000, 0.000000, 0.000000, -0.000000, 0.082206, 0.996616, 0.000000, -0.996615, 0.082192),
                ["LeftUpperLeg"] = CFrame.new(-0.000000, -0.000000, -0.000100, 0.938968, 0.247747, 0.238670, -0.182042, 0.946529, -0.266331, -0.291891, 0.206651, 0.933865),
                ["LeftLowerLeg"] = CFrame.new(0.000000, 0.093892, -0.032389, 1.000000, -0.000000, -0.000000, 0.000000, 0.666749, 0.745288, -0.000000, -0.745283, 0.666743),
            }
        },
        {
            Time = 0.433,
            Data = {
                ["RightHand"] = CFrame.new(-0.000496, 0.006119, -0.000000, 0.993273, -0.099745, 0.058813, 0.095693, 0.993079, 0.068098, -0.065197, -0.062011, 0.995944),
                ["LeftLowerArm"] = CFrame.new(-0.000500, 0.070761, 0.029502, 1.000000, -0.000000, -0.000000, 0.000000, 0.704322, -0.709881, 0.000000, 0.709881, 0.704321),
                ["LeftFoot"] = CFrame.new(0.000000, 0.020625, -0.000003, 0.978364, -0.203712, -0.036163, 0.171979, 0.897903, -0.405231, 0.115014, 0.390220, 0.913499),
                ["Head"] = CFrame.new(-0.000000, -0.000000, 0.000000, 0.954790, 0.164779, -0.247434, 0.001974, 0.828791, 0.559554, 0.297274, -0.534746, 0.790996),
                ["RightFoot"] = CFrame.new(0.000000, 0.031762, -0.000102, 0.976710, 0.202398, 0.071243, -0.092104, 0.695361, -0.712758, -0.193789, 0.689571, 0.697782),
                ["UpperTorso"] = CFrame.new(0.000717, -0.062086, -0.002432, 0.999875, -0.006428, 0.014451, 0.003809, 0.984661, 0.174439, -0.015351, -0.174362, 0.984562),
                ["HumanoidRootPart"] = CFrame.new(0.000000, 0.000000, 0.000000, 1.000000, 0.000000, 0.000000, 0.000000, 1.000000, 0.000000, 0.000000, 0.000000, 1.000000),
                ["RightUpperArm"] = CFrame.new(-0.084024, -0.152418, -0.154943, 0.965953, 0.036214, -0.256172, 0.041750, 0.955359, 0.292482, 0.255328, -0.293218, 0.921320),
                ["LeftUpperArm"] = CFrame.new(-0.009813, -0.107811, 0.091561, 0.958414, 0.276110, -0.072152, -0.207622, 0.848076, 0.487504, 0.195795, -0.452250, 0.870134),
                ["RightLowerArm"] = CFrame.new(-0.000001, 0.103471, 0.087316, 1.000000, 0.000000, -0.000000, -0.000000, 0.120082, -0.992764, -0.000000, 0.992764, 0.120082),
                ["LeftHand"] = CFrame.new(0.000500, -0.000108, 0.000000, 0.998623, -0.045560, 0.026014, 0.052395, 0.891478, -0.450026, -0.002687, 0.450767, 0.892637),
                ["LowerTorso"] = CFrame.new(0.074300, -0.317862, -1.036764, 0.898925, -0.013745, -0.437886, -0.074626, 0.980096, -0.183964, 0.431699, 0.198048, 0.880007),
                ["RightUpperLeg"] = CFrame.new(0.000000, -0.000000, 0.000000, 0.960537, -0.267336, 0.076807, 0.274374, 0.865273, -0.419528, 0.045696, 0.424069, 0.904487),
                ["RightLowerLeg"] = CFrame.new(-0.000000, 0.124587, -0.083636, 1.000000, 0.000000, 0.000000, -0.000000, 0.134850, 0.990868, 0.000000, -0.990866, 0.134836),
                ["LeftUpperLeg"] = CFrame.new(-0.000000, -0.000000, -0.000100, 0.921247, 0.265086, 0.284667, -0.195027, 0.947972, -0.251600, -0.336553, 0.176290, 0.925020),
                ["LeftLowerLeg"] = CFrame.new(-0.000000, 0.091220, -0.030422, 1.000000, -0.000000, -0.000000, 0.000000, 0.687245, 0.726431, -0.000000, -0.726426, 0.687240),
            }
        },
        {
            Time = 0.466,
            Data = {
                ["RightHand"] = CFrame.new(-0.000496, 0.006295, 0.000000, 0.996770, -0.069115, 0.040899, 0.066243, 0.995495, 0.067838, -0.045403, -0.064909, 0.996858),
                ["LeftLowerArm"] = CFrame.new(-0.000500, 0.065027, 0.024520, 1.000000, -0.000000, -0.000000, 0.000000, 0.754274, -0.656560, 0.000000, 0.656559, 0.754274),
                ["LeftFoot"] = CFrame.new(-0.000000, 0.019561, -0.000003, 0.974726, -0.218286, -0.047551, 0.181342, 0.897393, -0.402269, 0.130473, 0.383455, 0.914286),
